52 54 57 59 62 65
11 12 14 17 20 21
90 89 88 86 85 84 81
81 82 84 87 89 92 93
55 53 52 49 47 44 43
28 26 24 23 21 19 18 17
83 80 79 78 76 74 71
95 92 89 86 83
69 72 74 76 77
51 54 57 59 62 64 67
13 14 15 16 19 21 24
47 46 44 43 41 40 37 36
75 74 71 68 67 66 64
30 33 34 36 38 40 41 43
21 22 23 26 29
32 35 36 37 38 40 43 45
11 12 13 16 18 19 20 21
20 18 16 15 13 10 9 8
36 39 42 44 46 47
53 51 49 47 44 43 40
82 80 78 75 74 71 70 67
26 25 22 21 20 19 18 17
62 65 67 68 69 70 71 72
85 84 81 79 78 77 75 74
36 38 41 42 45 48
56 54 53 50 49 48
80 79 76 73 72 70 68 67
40 38 37 34 31
97 96 94 92 89 86 83 80
62 59 58 56 54 52
23 26 28 29 30 33
12 15 17 18 21 22 25